%YAML:1.0
minDist: 20.0f
minTh: 10
maxTh: 255

