%YAML:1.0
cameraMatrix: !!opencv-matrix
   rows: 3
   cols: 3
   dt: d
   data: [ 363.939381, 0., 255.041927, 0.,
       358.529588, 211.314985, 0., 0., 1. ]
distortionCoefficients: !!opencv-matrix
   rows: 1
   cols: 5
   dt: d
   data: [ 0.082122, -0.212179,
       0.002719, 0.002053,
       0 ]
rotation: !!opencv-matrix
   rows: 3
   cols: 3
   dt: d
   data: [ 1., 0., 0., 0., 1., 0., 0., 0., 1. ]
projection: !!opencv-matrix
   rows: 4
   cols: 4
   dt: d
   data: [ 3.6753450559472907e+02, 0., 2.4449142359870606e+02, 0., 0.,
       3.6659938826108794e+02, 2.0783007950245891e+02, 0., 0., 0., 1.,
       0., 0., 0., 0., 1. ]
