%YAML:1.0
cameraMatrix: !!opencv-matrix
   rows: 3
   cols: 3
   dt: d
   data: [ 3.6387229336172214e+02, 0., 2.5366675854887933e+02, 0.,
       3.6387442686529164e+02, 2.0640350899029914e+02, 0., 0., 1. ]
distortionCoefficients: !!opencv-matrix
   rows: 1
   cols: 5
   dt: d
   data: [ 9.8838013055216140e-02, -2.9942390320035894e-01,
       9.6099865472074367e-04, 1.5157916333171880e-03,
       1.3136396617869017e-01 ]
rotation: !!opencv-matrix
   rows: 3
   cols: 3
   dt: d
   data: [ 1., 0., 0., 0., 1., 0., 0., 0., 1. ]
projection: !!opencv-matrix
   rows: 4
   cols: 4
   dt: d
   data: [ 3.6387229336172214e+02, 0., 2.5366675854887933e+02, 0., 0.,
       3.6387442686529164e+02, 2.0640350899029914e+02, 0., 0., 0., 1.,
       0., 0., 0., 0., 1. ]
