%YAML:1.0
cameraMatrix: !!opencv-matrix
   rows: 3
   cols: 3
   dt: d
   data: [ 3.6655696171792346e+02, 0., 2.4873409683334341e+02, 0.,
       3.6629437111778367e+02, 2.1052303315034220e+02, 0., 0., 1. ]
distortionCoefficients: !!opencv-matrix
   rows: 1
   cols: 5
   dt: d
   data: [ 9.1726375893459472e-02, -3.1978840686159499e-01,
       2.0610877279282746e-03, -3.6444315994764318e-04,
       2.6312150628349229e-01 ]
rotation: !!opencv-matrix
   rows: 3
   cols: 3
   dt: d
   data: [ 1., 0., 0., 0., 1., 0., 0., 0., 1. ]
projection: !!opencv-matrix
   rows: 4
   cols: 4
   dt: d
   data: [ 3.6655696171792346e+02, 0., 2.4873409683334341e+02, 0., 0.,
       3.6629437111778367e+02, 2.1052303315034220e+02, 0., 0., 0., 1.,
       0., 0., 0., 0., 1. ]
