%YAML:1.0
cameraMatrix: !!opencv-matrix
   rows: 3
   cols: 3
   dt: d
   data: [ 3.6570012703673183e+02, 0., 2.5173702000618567e+02, 0.,
       3.6527633231772427e+02, 2.0227013204622347e+02, 0., 0., 1. ]
distortionCoefficients: !!opencv-matrix
   rows: 1
   cols: 5
   dt: d
   data: [ 9.0286950855410608e-02, -2.6375632338894350e-01,
       7.7820698272206397e-05, 5.3527285385053199e-04,
       6.6650025858983095e-02 ]
rotation: !!opencv-matrix
   rows: 3
   cols: 3
   dt: d
   data: [ 1., 0., 0., 0., 1., 0., 0., 0., 1. ]
projection: !!opencv-matrix
   rows: 4
   cols: 4
   dt: d
   data: [ 3.6570012703673183e+02, 0., 2.5173702000618567e+02, 0., 0.,
       3.6527633231772427e+02, 2.0227013204622347e+02, 0., 0., 0., 1.,
       0., 0., 0., 0., 1. ]
