%YAML:1.0
cameraMatrix: !!opencv-matrix
   rows: 3
   cols: 3
   dt: d
   data: [ 3.6355134738769289e+02, 0., 2.5208308728398083e+02, 0.,
       3.6750596713862132e+02, 2.0105750900984768e+02, 0., 0., 1. ]
distortionCoefficients: !!opencv-matrix
   rows: 1
   cols: 5
   dt: d
   data: [ 9.6133763574791864e-02, -2.6428319754635160e-01,
       -1.2452589882681090e-02, 1.1213671375570609e-03,
       1.1724147190020337e-01 ]
rotation: !!opencv-matrix
   rows: 3
   cols: 3
   dt: d
   data: [ 1., 0., 0., 0., 1., 0., 0., 0., 1. ]
projection: !!opencv-matrix
   rows: 4
   cols: 4
   dt: d
   data: [ 3.6355134738769289e+02, 0., 2.5208308728398083e+02, 0., 0.,
       3.6750596713862132e+02, 2.0105750900984768e+02, 0., 0., 0., 1.,
       0., 0., 0., 0., 1. ]
